TEST
35.00      45.10      55.20      65.00      75.10      85.20
36.01      46.11      56.21      66.01      76.11      86.21
37.00      47.10      57.20      67.00      77.10      87.20
38.01      48.11      58.21      68.01      78.11      88.21

PRINT global_id_0_out
03      04      05      06      07      08
03      04      05      06      07      08
03      04      05      06      07      08
03      04      05      06      07      08

PRINT global_id_1_out
05      05      05      05      05      05
06      06      06      06      06      06
07      07      07      07      07      07
08      08      08      08      08      08

PRINT global_size_0_out
06      06      06      06      06      06
06      06      06      06      06      06
06      06      06      06      06      06
06      06      06      06      06      06

PRINT offset_0_out
03      03      03      03      03      03
03      03      03      03      03      03
03      03      03      03      03      03
03      03      03      03      03      03

PRINT offset_1_out
05      05      05      05      05      05
05      05      05      05      05      05
05      05      05      05      05      05
05      05      05      05      05      05

PRINT local_id_0_out
00      01      02      00      01      02
00      01      02      00      01      02
00      01      02      00      01      02
00      01      02      00      01      02

PRINT local_id_1_out
00      00      00      00      00      00
01      01      01      01      01      01
00      00      00      00      00      00
01      01      01      01      01      01

PRINT index_0_out
00      01      02      03      04      05
00      01      02      03      04      05
00      01      02      03      04      05
00      01      02      03      04      05

PRINT index_1_out
00      00      00      00      00      00
01      01      01      01      01      01
02      02      02      02      02      02
03      03      03      03      03      03

PRINT index_out
00      01      02      03      04      05
06      07      08      09      10      11
12      13      14      15      16      17
18      19      20      21      22      23
